{
  "asset": {
    "version": "2.0",
    "generator": "THREE.GLTFExporter"
  },
  "scenes": [
    {
      "name": "Scene",
      "nodes": [
        0,
        62
      ]
    }
  ],
  "scene": 0,
  "nodes": [
    {
      "name": "AmbientLight"
    },
    {
      "matrix": [
        100,
        0,
        0,
        0,
        0,
        -0.0000162920679613876,
        -99.99999999999866,
        0,
        0,
        99.99999999999866,
        -0.0000162920679613876,
        0,
        0,
        0,
        0,
        1
      ],
      "name": "characterMedium",
      "extras": {
        "name": "characterMedium",
        "originalName": "characterMedium",
        "transformData": {
          "inheritType": 1,
          "eulerOrder": "ZYX",
          "rotation": [
            -90.00000933466734,
            0,
            0
          ],
          "scale": [
            100,
            100,
            100
          ],
          "parentMatrix": {
            "elements": [
              1,
              0,
              0,
              0,
              0,
              1,
              0,
              0,
              0,
              0,
              1,
              0,
              0,
              0,
              0,
              1
            ]
          },
          "parentMatrixWorld": {
            "elements": [
              1,
              0,
              0,
              0,
              0,
              1,
              0,
              0,
              0,
              0,
              1,
              0,
              0,
              0,
              0,
              1
            ]
          }
        }
      },
      "mesh": 0,
      "skin": 0
    },
    {
      "matrix": [
        1,
        3.070713648776068e-24,
        1.5881867761018131e-22,
        0,
        -3.0707136487760677e-24,
        0.9999999999999999,
        -3.970466940254534e-23,
        0,
        -1.588186776101813e-22,
        3.970466940254534e-23,
        0.9999999999999999,
        0,
        -5.551115123125783e-17,
        0.3368157148361204,
        0,
        1
      ],
      "name": "RightKneeCtrl_end",
      "extras": {
        "name": "RightKneeCtrl_end",
        "originalName": "RightKneeCtrl_end",
        "transformData": {
          "inheritType": 1,
          "eulerOrder": "ZYX",
          "translation": [
            0,
            0.3368157148361206,
            0
          ],
          "parentMatrix": {
            "elements": [
              5.523350576908116e-7,
              2.646977960169689e-23,
              -0.9999999999998477,
              0,
              -1.509957990978141e-7,
              -0.9999999999999889,
              -8.34002734230129e-14,
              0,
              -0.9999999999998364,
              1.5099579909783707e-7,
              -5.523350576908116e-7,
              0,
              -0.6179578900337219,
              -0.5867005586624148,
              -0.029198219999670982,
              1
            ]
          },
          "parentMatrixWorld": {
            "elements": [
              99.99999999995426,
              -0.000007549812092646255,
              -0.00009536742953906971,
              0,
              0.000007549799135991076,
              99.99999403953437,
              -0.000013113419765955015,
              0,
              0.00009536743052283251,
              0.000013113415146647504,
              99.99999999995367,
              0,
              -17.8321972619257,
              77.99054619418956,
              46.91476522825294,
              1
            ]
          }
        }
      }
    },
    {
      "matrix": [
        5.523350576908116e-7,
        0,
        -0.9999999999998477,
        0,
        -1.5099579909781406e-7,
        -0.9999999999999887,
        -8.34002733965431e-14,
        0,
        -0.9999999999998364,
        1.509957990978371e-7,
        -5.523350576908116e-7,
        0,
        -0.6179578900337219,
        -0.5867005586624148,
        -0.029198219999670982,
        1
      ],
      "name": "RightKneeCtrl",
      "extras": {
        "name": "RightKneeCtrl",
        "originalName": "RightKneeCtrl",
        "transformData": {
          "inheritType": 1,
          "eulerOrder": "ZYX",
          "translation": [
            -0.6179578900337219,
            -0.5867005586624146,
            -0.029198219999670982
          ],
          "rotation": [
            -179.999991348578,
            89.99996835353231,
            0
          ],
          "parentMatrix": {
            "elements": [
              -4.0133925893748307e-7,
              0.9999999999999123,
              -1.1920930365061364e-7,
              0,
              -7.549784735909606e-8,
              -1.192093268542722e-7,
              -0.999999940395345,
              0,
              -0.9999999999999166,
              -4.013392500001878e-7,
              7.549789970973109e-8,
              0,
              -0.2075204849243164,
              0.1488100290298462,
              0.19320479035377505,
              1
            ]
          },
          "parentMatrixWorld": {
            "elements": [
              -0.000040133925893748306,
              -0.000028212998326447372,
              -99.99999999998795,
              0,
              -0.000007549784735909606,
              -99.99999403953122,
              0.00002821299967573157,
              0,
              -99.99999999999166,
              0.000007549796509619345,
              0.000040133923770001326,
              0,
              -20.75204849243164,
              19.32047661095414,
              -14.881006050689995,
              1
            ]
          }
        }
      },
      "children": [
        2
      ]
    },
    {
      "matrix": [
        0.9999999999999998,
        -5.293955920339375e-23,
        1.5828765431410998e-23,
        0,
        5.293955920339376e-23,
        1,
        -1.0587911840678754e-22,
        0,
        -1.5828765431410998e-23,
        1.0587911840678752e-22,
        0.9999999999999998,
        0,
        0,
        0.29276666045188904,
        -5.551115123125783e-17,
        1
      ],
      "name": "RightFootRollCtrl_end",
      "extras": {
        "name": "RightFootRollCtrl_end",
        "originalName": "RightFootRollCtrl_end",
        "transformData": {
          "inheritType": 1,
          "eulerOrder": "ZYX",
          "translation": [
            0,
            0.29276666045188904,
            0
          ],
          "parentMatrix": {
            "elements": [
              3.1391647881129364e-7,
              0,
              -0.9999999999999509,
              0,
              0.9999999403952872,
              1.9470717721097034e-7,
              3.1391645998939114e-7,
              0,
              1.9470718887193433e-7,
              -0.9999999999999812,
              6.117328865684614e-14,
              0,
              -3.0266012196467074e-9,
              -4.6424734334582496e-8,
              -1.1864989546417348e-10,
              1
            ]
          },
          "parentMatrixWorld": {
            "elements": [
              99.99999999997415,
              -0.000007549805366144066,
              -0.00007152557165112495,
              0,
              -0.00007152557097051095,
              -0.0000476837108353653,
              -99.99999403949856,
              0,
              0.00000754977080421671,
              99.99999403952384,
              -0.000047683718562919674,
              0,
              -20.752048480566177,
              19.32048125342738,
              -14.881005748031187,
              1
            ]
          }
        }
      }
    },
    {
      "matrix": [
        3.1391647881129364e-7,
        0,
        -0.9999999999999509,
        0,
        0.9999999403952872,
        1.9470717721097034e-7,
        3.1391645998939114e-7,
        0,
        1.9470718887193433e-7,
        -0.9999999999999812,
        6.117328865684614e-14,
        0,
        -3.0266012196467074e-9,
        -4.6424734334582496e-8,
        -1.1864989546417348e-10,
        1
      ],
      "name": "RightFootRollCtrl",
      "extras": {
        "name": "RightFootRollCtrl",
        "originalName": "RightFootRollCtrl",
        "transformData": {
          "inheritType": 1,
          "eulerOrder": "ZYX",
          "translation": [
            -3.0266011918911317e-9,
            -4.6424734279071345e-8,
            -1.186499232197491e-10
          ],
          "rotation": [
            89.99998884409983,
            89.99998201391065,
            0
          ],
          "scale": [
            1,
            0.9999999403953552,
            1
          ],
          "parentMatrix": {
            "elements": [
              -4.0133925893748307e-7,
              0.9999999999999123,
              -1.1920930365061364e-7,
              0,
              -7.549784735909606e-8,
              -1.192093268542722e-7,
              -0.999999940395345,
              0,
              -0.9999999999999166,
              -4.013392500001878e-7,
              7.549789970973109e-8,
              0,
              -0.2075204849243164,
              0.1488100290298462,
              0.19320479035377505,
              1
            ]
          },
          "parentMatrixWorld": {
            "elements": [
              -0.000040133925893748306,
              -0.000028212998326447372,
              -99.99999999998795,
              0,
              -0.000007549784735909606,
              -99.99999403953122,
              0.00002821299967573157,
              0,
              -99.99999999999166,
              0.000007549796509619345,
              0.000040133923770001326,
              0,
              -20.75204849243164,
              19.32047661095414,
              -14.881006050689995,
              1
            ]
          }
        }
      },
      "children": [
        4
      ]
    },
    {
      "matrix": [
        1,
        6.938893903907228e-18,
        6.938893903907228e-18,
        0,
        -6.938893903907228e-18,
        1,
        -2.7755575615628926e-17,
        0,
        -6.938893903907227e-18,
        2.775557561562892e-17,
        0.9999999999999998,
        0,
        0,
        0.30125427246093744,
        1.3877787807814457e-17,
        1
      ],
      "name": "RightFootIK_end",
      "extras": {
        "name": "RightFootIK_end",
        "originalName": "RightFootIK_end",
        "transformData": {
          "inheritType": 1,
          "eulerOrder": "ZYX",
          "translation": [
            0,
            0.3012542724609375,
            0
          ],
          "parentMatrix": {
            "elements": [
              0.995849733180397,
              0.04945060741263981,
              -0.07640801508772907,
              0,
              -0.006046147890624348,
              -0.80172075505968,
              -0.5976680983563832,
              0,
              -0.09081291497926257,
              0.5956494129204926,
              -0.7980941764750201,
              0,
              0.0018214082811028043,
              0.2415217459201813,
              0.18004995584487918,
              1
            ]
          },
          "parentMatrixWorld": {
            "elements": [
              98.4972678698981,
              -7.640820495697709,
              15.4847426139719,
              0,
              -16.955451046704063,
              -59.766825740297755,
              78.36093928010011,
              0,
              3.267455901124197,
              -79.80939644347944,
              -60.164582066784234,
              0,
              -20.752043887150336,
              19.320423597353262,
              -14.880991315502065,
              1
            ]
          }
        }
      }
    },
    {
      "matrix": [
        0.995849733180397,
        0.049450607412639826,
        -0.07640801508772908,
        0,
        -0.006046147890624358,
        -0.8017207550596799,
        -0.5976680983563832,
        0,
        -0.09081291497926257,
        0.5956494129204926,
        -0.7980941764750201,
        0,
        0.0018214082811028043,
        0.2415217459201813,
        0.18004995584487918,
        1
      ],
      "name": "RightFootIK",
      "extras": {
        "name": "RightFootIK",
        "originalName": "RightFootIK",
        "transformData": {
          "inheritType": 1,
          "eulerOrder": "ZYX",
          "translation": [
            0.0018214082811027765,
            0.24152174592018127,
            0.18004995584487915
          ],
          "rotation": [
            -143.1715976834909,
            4.382127281848767,
            2.8427840698277214
          ],
          "scale": [
            1.0000001192092896,
            0.9999999403953552,
            0.9999997615814209
          ],
          "parentMatrix": {
            "elements": [
              -0.9785566290494255,
              0.20360767958394557,
              0.030947109380419238,
              0,
              -0.20353678490179766,
              -0.9790517930492766,
              0.005499500845499904,
              0,
              0.03141877140482414,
              -0.0009173082054846852,
              0.9995058876010028,
              0,
              0.028672883287072237,
              0.30693286657333385,
              -0.0007687028846703461,
              1
            ]
          },
          "parentMatrixWorld": {
            "elements": [
              97.89424238148821,
              -0.00002073755757203699,
              20.41041492104851,
              0,
              20.410546316688766,
              0.000024442351960973774,
              -97.89488422576407,
              0,
              0.000015686680777893258,
              99.99999403364659,
              0.000028160676128693996,
              0,
              -25.85994287687384,
              1.3154232215190498,
              8.725571270272052,
              1
            ]
          }
        }
      },
      "children": [
        6
      ]
    },
    {
      "matrix": [
        -0.9785566290494256,
        0.2036076795839456,
        0.030947109380419238,
        0,
        -0.2035367849017977,
        -0.9790517930492767,
        0.0054995008454999045,
        0,
        0.03141877140482415,
        -0.0009173082054846865,
        0.9995058876010028,
        0,
        0.028672883287072237,
        0.30693286657333385,
        -0.0007687028846703461,
        1
      ],
      "name": "RightToeRoll",
      "extras": {
        "name": "RightToeRoll",
        "originalName": "RightToeRoll",
        "transformData": {
          "inheritType": 1,
          "eulerOrder": "ZYX",
          "translation": [
            0.02867288328707218,
            0.30693286657333374,
            -0.000768702884670347
          ],
          "rotation": [
            0.3152507962365235,
            -1.7734335383929523,
            168.24620567384818
          ],
          "scale": [
            0.9999934434890747,
            0.9999999403953552,
            1
          ],
          "parentMatrix": {
            "elements": [
              0.0004783470227562185,
              -0.031418849259478944,
              0.9995061319902199,
              0,
              -0.9999994500098677,
              0.0009178719007298943,
              0.0005074358448897144,
              0,
              -0.0009333616991133446,
              -0.9995058845773288,
              -0.031418394790813334,
              0,
              0.07085256278514865,
              0.17990143597126004,
              0.022240402176976204,
              1
            ]
          },
          "parentMatrixWorld": {
            "elements": [
              -99.95061298100605,
              3.141892271249127,
              -0.04779547459269111,
              0,
              -0.05070345751488199,
              -0.09175896778819566,
              99.99994504723603,
              0,
              3.1418470625948114,
              99.95058228933969,
              0.09330670990866424,
              0,
              -22.976092911937695,
              1.3303322550723067,
              -21.96625636105025,
              1
            ]
          }
        }
      },
      "children": [
        7
      ]
    },
    {
      "matrix": [
        0.0004783470227564406,
        -0.03141884925947917,
        0.9995061319902198,
        0,
        -0.9999994500098675,
        0.0009178719007301164,
        0.0005074358448897699,
        0,
        -0.0009333616991133449,
        -0.9995058845773288,
        -0.03141839479081334,
        0,
        0.07085256278514865,
        0.17990143597126004,
        0.022240402176976204,
        1
      ],
      "name": "RightHeelRoll",
      "extras": {
        "name": "RightHeelRoll",
        "originalName": "RightHeelRoll",
        "transformData": {
          "inheritType": 1,
          "eulerOrder": "ZYX",
          "translation": [
            0.07085256278514862,
            0.17990143597126007,
            0.022240402176976204
          ],
          "rotation": [
            -0.9252988536314385,
            -91.80067259612531,
            90.87225181243464
          ],
          "scale": [
            0.9999999403953552,
            1,
            1
          ],
          "parentMatrix": {
            "elements": [
              -4.0133925893748307e-7,
              0.9999999999999123,
              -1.1920930365061364e-7,
              0,
              -7.549784735909606e-8,
              -1.192093268542722e-7,
              -0.999999940395345,
              0,
              -0.9999999999999166,
              -4.013392500001878e-7,
              7.549789970973109e-8,
              0,
              -0.2075204849243164,
              0.1488100290298462,
              0.19320479035377505,
              1
            ]
          },
          "parentMatrixWorld": {
            "elements": [
              -0.000040133925893748306,
              -0.000028212998326447372,
              -99.99999999998795,
              0,
              -0.000007549784735909606,
              -99.99999403953122,
              0.00002821299967573157,
              0,
              -99.99999999999166,
              0.000007549796509619345,
              0.000040133923770001326,
              0,
              -20.75204849243164,
              19.32047661095414,
              -14.881006050689995,
              1
            ]
          }
        }
      },
      "children": [
        8
      ]
    },
    {
      "matrix": [
        -4.013392591595277e-7,
        0.9999999999999125,
        -1.1920930342856903e-7,
        0,
        -7.549784735909606e-8,
        -1.1920932685427218e-7,
        -0.9999999403953451,
        0,
        -0.9999999999999168,
        -4.013392500001878e-7,
        7.549789948768648e-8,
        0,
        -0.2075204849243164,
        0.1488100290298462,
        0.19320479035377505,
        1
      ],
      "name": "RightFootCtrl",
      "extras": {
        "name": "RightFootCtrl",
        "originalName": "RightFootCtrl",
        "transformData": {
          "inheritType": 1,
          "eulerOrder": "ZYX",
          "translation": [
            -0.2075204849243164,
            0.1488100290298462,
            0.19320479035377502
          ],
          "rotation": [
            -89.999995674289,
            0.00000683018998423475,
            90.00002299504568
          ],
          "scale": [
            1,
            0.9999999403953552,
            1
          ],
          "parentMatrix": {
            "elements": [
              100,
              0,
              0,
              0,
              0,
              -0.0000162920679613876,
              -99.99999999999866,
              0,
              0,
              99.99999999999866,
              -0.0000162920679613876,
              0,
              0,
              0,
              0,
              1
            ]
          },
          "parentMatrixWorld": {
            "elements": [
              100,
              0,
              0,
              0,
              0,
              -0.0000162920679613876,
              -99.99999999999866,
              0,
              0,
              99.99999999999866,
              -0.0000162920679613876,
              0,
              0,
              0,
              0,
              1
            ]
          }
        }
      },
      "children": [
        3,
        5,
        9
      ]
    },
    {
      "matrix": [
        0.9999999999999999,
        6.938893903907228e-18,
        8.673617379884035e-19,
        0,
        -6.93889390390723e-18,
        1,
        3.469446951953614e-18,
        0,
        -8.673617379884035e-19,
        -3.4694469519536138e-18,
        0.9999999999999999,
        0,
        0,
        0.21323628723621366,
        0,
        1
      ],
      "name": "LeftToes_end",
      "extras": {
        "name": "LeftToes_end",
        "originalName": "LeftToes_end",
        "transformData": {
          "inheritType": 1,
          "eulerOrder": "ZYX",
          "translation": [
            0,
            0.21323628723621368,
            0
          ],
          "parentMatrix": {
            "elements": [
              -0.9916126574011284,
              -0.07452027444049597,
              -0.10559804529393321,
              0,
              -0.0009688734523885444,
              0.8213020174364999,
              -0.5704926108376898,
              0,
              0.1292411689699059,
              -0.5656054501431838,
              -0.8144857738489563,
              0,
              -6.4028426449702636e-9,
              0.30125394463539124,
              -9.31322539921009e-10,
              1
            ]
          },
          "parentMatrixWorld": {
            "elements": [
              -99.28743513992973,
              0.006496780358583365,
              11.973959576975371,
              0,
              11.967400437228507,
              -3.9567823176990373,
              99.20237882625295,
              0,
              0.4813130556960057,
              99.92094041223515,
              3.928450563826999,
              0,
              25.52929510151763,
              1.3158065098603409,
              8.72591584790838,
              1
            ]
          }
        }
      }
    },
    {
      "matrix": [
        -0.9916126574011285,
        -0.07452027444049598,
        -0.10559804529393321,
        0,
        -0.0009688734523885374,
        0.8213020174364999,
        -0.5704926108376899,
        0,
        0.1292411689699059,
        -0.5656054501431839,
        -0.8144857738489563,
        0,
        -6.4028426449702636e-9,
        0.30125394463539124,
        -9.31322539921009e-10,
        1
      ],
      "name": "LeftToes",
      "extras": {
        "name": "LeftToes",
        "originalName": "LeftToes",
        "transformData": {
          "inheritType": 1,
          "eulerOrder": "ZYX",
          "translation": [
            -6.402842700481415e-9,
            0.30125394463539124,
            -9.313225746154785e-10
          ],
          "rotation": [
            35.00866393056103,
            173.9383760451101,
            4.297733037577267
          ],
          "scale": [
            0.9999999403953552,
            0.9999998807907104,
            0.9999999403953552
          ],
          "parentMatrix": {
            "elements": [
              0.8542596767813642,
              -0.0868534072628911,
              0.512579651067271,
              0,
              0.509231340588971,
              0.3381983439037369,
              -0.7913738305357193,
              0,
              -0.10461920252980351,
              0.937052556464261,
              0.33313490517232325,
              0,
              -5.587935447692871e-9,
              0.6088110208511354,
              1.862645149230957e-8,
              1
            ]
          },
          "parentMatrixWorld": {
            "elements": [
              98.50529971239301,
              12.911292014761056,
              -11.461928261713332,
              0,
              16.95554694310906,
              -59.766033434593325,
              78.36087711510334,
              0,
              3.265222491383515,
              -79.12756461138831,
              -61.05833194644016,
              0,
              20.421370335210383,
              19.320559846217947,
              -14.880607618359578,
              1
            ]
          }
        }
      },
      "children": [
        11
      ]
    },
    {
      "matrix": [
        0.8542596767813642,
        -0.08685340726289106,
        0.5125796510672708,
        0,
        0.509231340588971,
        0.3381983439037371,
        -0.7913738305357193,
        0,
        -0.10461920252980368,
        0.9370525564642609,
        0.33313490517232347,
        0,
        -5.587935447692871e-9,
        0.6088110208511354,
        1.862645149230957e-8,
        1
      ],
      "name": "LeftFoot",
      "extras": {
        "name": "LeftFoot",
        "originalName": "LeftFoot",
        "transformData": {
          "inheritType": 1,
          "eulerOrder": "ZYX",
          "translation": [
            -5.587935447692871e-9,
            0.6088110208511353,
            1.862645149230957e-8
          ],
          "rotation": [
            -67.17121535473443,
            -30.83511098917059,
            -5.8053688039238205
          ],
          "scale": [
            1.0000205039978027,
            0.9999836087226868,
            0.999995768070221
          ],
          "parentMatrix": {
            "elements": [
              0.9923070296590627,
              0.11362479420070218,
              -0.04914358705606884,
              0,
              -0.09525156058218938,
              0.9543253131823796,
              0.28317477402063956,
              0,
              0.0790749603150878,
              -0.27631641899313797,
              0.9578104808385157,
              0,
              1.4901161193847656e-8,
              0.5261740684509275,
              2.444721751426737e-9,
              1
            ]
          },
          "parentMatrixWorld": {
            "elements": [
              92.43862591059087,
              -11.128258450647104,
              36.501989130428264,
              0,
              0.23906678739383835,
              -95.48209416805697,
              -29.717495928676634,
              0,
              38.15889441615734,
              27.556242705789014,
              -88.23052452572128,
              0,
              20.275823646101816,
              77.45111049421794,
              3.2117332625098474,
              1
            ]
          }
        }
      },
      "children": [
        12
      ]
    },
    {
      "matrix": [
        0.9923070296590626,
        0.11362479420070218,
        -0.04914358705606883,
        0,
        -0.09525156058218939,
        0.9543253131823796,
        0.28317477402063956,
        0,
        0.07907496031508782,
        -0.276316418993138,
        0.9578104808385159,
        0,
        1.4901161193847656e-8,
        0.5261740684509275,
        2.444721751426737e-9,
        1
      ],
      "name": "LeftLeg",
      "extras": {
        "name": "LeftLeg",
        "originalName": "LeftLeg",
        "transformData": {
          "inheritType": 1,
          "eulerOrder": "ZYX",
          "translation": [
            1.4901161193847656e-8,
            0.5261740684509277,
            2.444721758365631e-9
          ],
          "rotation": [
            16.470263523055387,
            2.8168562448515297,
            6.532242231151631
          ],
          "scale": [
            0.999999463558197,
            0.9999988079071045,
            1.0000022649765015
          ],
          "parentMatrix": {
            "elements": [
              0.9472184625908774,
              0.002311630667469294,
              0.32075074307129287,
              0,
              0.0018759701416580855,
              -0.9999982815298873,
              0.0016669427993639184,
              0,
              0.3207362278224296,
              -0.000977185894503109,
              -0.9471685546641158,
              0,
              0.2015291154384613,
              0.058463305234908836,
              7.509206056965922e-8,
              1
            ]
          },
          "parentMatrixWorld": {
            "elements": [
              94.72222457017025,
              0.23117815263132915,
              32.075070263516764,
              0,
              0.18759785036440355,
              -99.99985191617168,
              0.1667413725708746,
              0,
              32.07375075562281,
              -0.09776326387104456,
              -94.71684416683786,
              0,
              20.177113032060397,
              130.06843941823445,
              3.123998029725675,
              1
            ]
          }
        }
      },
      "children": [
        13
      ]
    },
    {
      "matrix": [
        0.9472184625908774,
        0.002311630667469294,
        0.32075074307129287,
        0,
        0.001875970141658086,
        -0.9999982815298876,
        0.0016669427993639186,
        0,
        0.3207362278224296,
        -0.0009771858945031087,
        -0.9471685546641158,
        0,
        0.2015291154384613,
        0.058463305234908836,
        7.509206056965922e-8,
        1
      ],
      "name": "LeftUpLeg",
      "extras": {
        "name": "LeftUpLeg",
        "originalName": "LeftUpLeg",
        "transformData": {
          "inheritType": 1,
          "eulerOrder": "ZYX",
          "translation": [
            0.2015291154384613,
            0.05846330523490906,
            7.509206056965922e-8
          ],
          "rotation": [
            179.89916409605027,
            -18.707273419639623,
            0.13982668553336222
          ],
          "scale": [
            1.0000545978546143,
            1.0000014305114746,
            1.0000004768371582
          ],
          "parentMatrix": {
            "elements": [
              -0.9999998707003706,
              0.0028862155368894085,
              0.00018603019621039115,
              0,
              -0.002886203937916052,
              -0.9999958349047051,
              -2.6449628873511353e-7,
              0,
              0.00018602788181469872,
              -8.014139956494127e-7,
              0.9999998634872006,
              0,
              0.0004645995213650167,
              0.3219510018825531,
              -4.69114169697471e-8,
              1
            ]
          },
          "parentMatrixWorld": {
            "elements": [
              100.00039935134429,
              -8.5202425855529e-8,
              -1.1724291353043537e-7,
              0,
              -8.682841335858596e-8,
              100.00002384159848,
              -0.00004711280691451464,
              0,
              1.1945997710829936e-7,
              0.000047112834706676945,
              99.99998807905969,
              0,
              0.02412101236736989,
              124.22210751805216,
              3.1239932985187853,
              1
            ]
          }
        }
      },
      "children": [
        14
      ]
    },
    {
      "matrix": [
        1,
        2.7755575615628914e-17,
        1.3010426069826053e-18,
        0,
        -2.7755575615628914e-17,
        1,
        3.469446951953614e-18,
        0,
        -1.3010426069826053e-18,
        -3.469446951953614e-18,
        1,
        0,
        0,
        0.21323628723621368,
        1.734723475976807e-18,
        1
      ],
      "name": "RightToes_end",
      "extras": {
        "name": "RightToes_end",
        "originalName": "RightToes_end",
        "transformData": {
          "inheritType": 1,
          "eulerOrder": "ZYX",
          "translation": [
            0,
            0.21323628723621368,
            0
          ],
          "parentMatrix": {
            "elements": [
              -0.9971076904272261,
              0.06906300442609735,
              0.031730009913603564,
              0,
              0.038773885683682015,
              0.8213027116893376,
              -0.5691738911773314,
              0,
              -0.06536877877187237,
              -0.5662971657825093,
              -0.8216047972039667,
              0,
              2.6193447355549182e-8,
              0.3012544512748718,
              -1.8626451450676207e-8,
              1
            ]
          },
          "parentMatrixWorld": {
            "elements": [
              -99.2790976478738,
              0.959094027674503,
              -11.93802882421319,
              0,
              -11.966031690487885,
              -3.9575186065039105,
              99.2024539621646,
              0,
              0.47915112069665255,
              99.91726344122675,
              4.043601154552498,
              0,
              -25.85981798320932,
              1.3154612307591051,
              8.725520854678187,
              1
            ]
          }
        }
      }
    },
    {
      "matrix": [
        -0.9971076904272259,
        0.06906300442609735,
        0.031730009913603564,
        0,
        0.038773885683682,
        0.8213027116893376,
        -0.5691738911773314,
        0,
        -0.06536877877187237,
        -0.5662971657825094,
        -0.8216047972039664,
        0,
        2.6193447355549182e-8,
        0.3012544512748718,
        -1.8626451450676207e-8,
        1
      ],
      "name": "RightToes",
      "extras": {
        "name": "RightToes",
        "originalName": "RightToes",
        "transformData": {
          "inheritType": 1,
          "eulerOrder": "ZYX",
          "translation": [
            2.6193447411060333e-8,
            0.3012544512748718,
            -1.862645149230957e-8
          ],
          "rotation": [
            34.712612796081416,
            -178.18169936887222,
            -3.962168831862302
          ],
          "scale": [
            1.0000001192092896,
            1.000000238418579,
            1
          ],
          "parentMatrix": {
            "elements": [
              0.8362255179453291,
              0.018963166488271333,
              -0.5480485999421498,
              0,
              -0.5210121393022334,
              0.3392618687757805,
              -0.7832337620941047,
              0,
              0.17107982824955348,
              0.9405023863405062,
              0.2935802068279272,
              0,
              -1.30385160446167e-8,
              0.6088117957115173,
              -1.862645149230957e-8,
              1
            ]
          },
          "parentMatrixWorld": {
            "elements": [
              98.49663731463065,
              -7.641237593082856,
              15.485635017169201,
              0,
              -16.95558263651739,
              -59.76694441343459,
              78.36084978061926,
              0,
              3.2669507107253217,
              -79.80955572046632,
              -60.16445560131497,
              0,
              -20.751875759114316,
              19.320517987985646,
              -14.881035473687405,
              1
            ]
          }
        }
      },
      "children": [
        16
      ]
    },
    {
      "matrix": [
        0.8362255179453291,
        0.01896316648827139,
        -0.5480485999421499,
        0,
        -0.5210121393022334,
        0.3392618687757805,
        -0.7832337620941046,
        0,
        0.17107982824955345,
        0.9405023863405063,
        0.2935802068279272,
        0,
        -1.30385160446167e-8,
        0.6088117957115173,
        -1.862645149230957e-8,
        1
      ],
      "name": "RightFoot",
      "extras": {
        "name": "RightFoot",
        "originalName": "RightFoot",
        "transformData": {
          "inheritType": 1,
          "eulerOrder": "ZYX",
          "translation": [
            -1.30385160446167e-8,
            0.6088117957115173,
            -1.862645149230957e-8
          ],
          "rotation": [
            -69.4524029148703,
            33.23342946338302,
            1.2990792484130937
          ],
          "scale": [
            0.9999949932098389,
            1.000003695487976,
            1.0000011920928955
          ],
          "parentMatrix": {
            "elements": [
              0.9927312070773656,
              -0.1137823802981773,
              -0.0391986261220112,
              0,
              0.1201797561668338,
              0.9543843751375681,
              0.2733276531140214,
              0,
              0.006310688710398197,
              -0.2760519204188023,
              0.9611220070527418,
              0,
              -6.984919281860513e-9,
              0.5261740684509277,
              -4.831235862756689e-9,
              1
            ]
          },
          "parentMatrixWorld": {
            "elements": [
              91.75913345758016,
              11.095439038398736,
              -38.16993958857052,
              0,
              -0.8119456865238881,
              -95.48229754964616,
              -29.706367693316228,
              0,
              -39.74228832330416,
              27.56850422805004,
              -87.52442633911842,
              0,
              -20.25755319153636,
              77.4512676760186,
              3.204549457798202,
              1
            ]
          }
        }
      },
      "children": [
        17
      ]
    },
    {
      "matrix": [
        0.9927312070773655,
        -0.11378238029817732,
        -0.0391986261220112,
        0,
        0.12017975616683382,
        0.9543843751375681,
        0.2733276531140214,
        0,
        0.0063106887103982,
        -0.2760519204188023,
        0.9611220070527418,
        0,
        -6.984919281860513e-9,
        0.5261740684509277,
        -4.831235862756689e-9,
        1
      ],
      "name": "RightLeg",
      "extras": {
        "name": "RightLeg",
        "originalName": "RightLeg",
        "transformData": {
          "inheritType": 1,
          "eulerOrder": "ZYX",
          "translation": [
            -6.984919309616089e-9,
            0.5261740684509277,
            -4.831235855817795e-9
          ],
          "rotation": [
            15.874894716125594,
            2.2464934008033874,
            -6.538452580654465
          ],
          "scale": [
            0.9999991059303284,
            1.0000003576278687,
            1
          ],
          "parentMatrix": {
            "elements": [
              0.9074357529257652,
              -0.002862265561255851,
              -0.4201500387764905,
              0,
              -0.0024456310740565332,
              -0.9999953019243784,
              0.0015304033790479246,
              0,
              -0.4201578546673399,
              -0.000361215402454445,
              -0.9074501728325409,
              0,
              -0.20152910053730008,
              0.058463308960199356,
              7.520936407684475e-8,
              1
            ]
          },
          "parentMatrixWorld": {
            "elements": [
              90.7439376283217,
              -0.2862464961416276,
              -42.01499884060656,
              0,
              -0.244563997060883,
              -99.99955396161428,
              0.15308743253325305,
              0,
              -42.01595336571067,
              -0.036164265608925834,
              -90.74500639931634,
              0,
              -20.128869527356116,
              130.06843982510514,
              3.1239980887115686,
              1
            ]
          }
        }
      },
      "children": [
        18
      ]
    },
    {
      "matrix": [
        0.9074357529257652,
        -0.002862265561255852,
        -0.4201500387764905,
        0,
        -0.0024456310740565332,
        -0.999995301924378,
        0.0015304033790479246,
        0,
        -0.42015785466733985,
        -0.0003612154024544451,
        -0.9074501728325408,
        0,
        -0.20152910053730008,
